Benchmark   (capacity) (readers)   CAQ 1     CAQ 2      LQ 1       LQ 2
2_threads       10000         1   2089,734  2098,481  1603,311   1506,403
2_threads       10000         2   3407,913  3409,045  2136,417   2800,211
2_threads       10000         3   1929,873  2217,988  1877,310   2351,786
2_threads     1000000         1   4068,745  4057,313  3111,554   3231,759
2_threads     1000000         2   3591,394  3303,396  2678,223   2719,431
2_threads     1000000         3   2964,099  2844,934  3595,473   3474,438
2_threads    10000000         1   3276,527  4414,396  3120,118   3564,701
2_threads    10000000         2   2796,463  3407,975  2601,466   2669,609
2_threads    10000000         3   3028,692  2768,429  3406,422   3890,636
3_threads       10000         1   1937,833  1900,918  1959,429   1724,614
3_threads       10000         2   2853,924  2740,839  2500,572   1992,655
3_threads       10000         3   2149,115  2079,518  2058,956   2057,291
3_threads     1000000         1   4231,768  4282,012  2676,242   2412,667
3_threads     1000000         2   3407,196  3508,397  2529,452   2422,588
3_threads     1000000         3   3155,694  3222,595  2815,041   2808,633
3_threads    10000000         1   4022,652  4350,582  2751,344   2622,364
3_threads    10000000         2   3819,405  3645,816  2489,906   2587,416
3_threads    10000000         3   2981,155  3042,253  2723,074   2688,821
4_threads       10000         1   1665,698  1746,892  1941,501   1942,751
4_threads       10000         2   2036,823  2126,779  2317,207   2097,495
4_threads       10000         3   1582,699  1923,450  1803,938   1726,357
4_threads     1000000         1   4037,195  3930,934  2406,806   2272,595
4_threads     1000000         2   3637,566  3826,006  2381,605   2438,029
4_threads     1000000         3   3579,326  3719,852  2607,306   2750,243
4_threads    10000000         1   4050,671  4534,867  2386,712   2299,575
4_threads    10000000         2   3464,682  4012,555  2352,262   2343,456
4_threads    10000000         3   3151,697  3833,803  2745,475   2697,697
5_threads       10000         1   1544,868  1665,445  1808,639   1384,054
5_threads       10000         2   1800,097  1686,331  2256,384   1989,906
5_threads       10000         3   1376,382  1742,100  1519,734   1310,665
5_threads     1000000         1   4248,143  4161,633  2473,902   2367,852
5_threads     1000000         2   3953,730  3874,286  2411,653   2359,616
5_threads     1000000         3   3938,253  3997,776  2607,689   2684,474
5_threads    10000000         1   4369,560  4299,374  2533,063   2388,244
5_threads    10000000         2   4208,878  4138,029  2215,777   2222,044
5_threads    10000000         3   3515,220  4129,831  2731,365   2661,295
6_threads       10000         1    763,923  1223,460  1570,534   1449,171
6_threads       10000         2    790,872  1496,295  2375,852   2196,283
6_threads       10000         3    818,137  1556,172   816,005    848,744
6_threads     1000000         1   4406,413  4294,524  2378,769   2325,760
6_threads     1000000         2   4065,934  4166,808  2643,555   2259,497
6_threads     1000000         3   4230,777  4223,713  2813,528   2656,133
6_threads    10000000         1   4207,785  4246,898  2408,484   2575,696
6_threads    10000000         2   4364,458  4396,509  2324,909   2246,561
6_threads    10000000         3   4100,935  4302,565  2530,003   2658,690